9780007279067
9780007350803
9780008153847
9780008164669
9780008200886
9780008241780
9780008266172
9780008272142
9780008276973
9780008279899
9780008283391
9780008297190
9780008305703
9780008308933
9780008309039
9780008309411
9780008350451
9780008365943
9780008370947
9780008374709
9780008381691
9780008386450
9780008393489
9780008394424
9780008399511
9780008404147
9780008405069
9780008411312
9780008413835
9780008455446
9780008464660
9780008470333
9780008471804
9780008472054
9780008472627
9780008474157
9780008475994
9780008478674
9780008479336
9780008480066
9780008480080
9780008485931
9780008492847
9780008494476
9780008494698
9780008505547
9780008522209
9780008527921
9780008534202
9780008536695
9780008550318
9780008556464
9780008558888
9780008559458
9780008560713
9780008564780
9780008566562
9780008580469
9780008580919
9780008581404
9780008582043
9780008584627
9780008590123
9780008600785
9780008603229
9780008606961
9780008613914
9780008626457
9780008627645
9780008638702
9780008638757
9780008638764
9780008638771
9780008638788
9780008638993
9780008640521
9780008641726
9780008656591
9780008656737
9780008666842
9780008671396
9780008673239
9780008679866
9780008680701
9780008693961
9780008695408
9780008698140
9780008699185
9780008706708
9780008707484
9780008708948
9780008712785
9780008712808
9780008713348
9780008716332
9780008719661
9780008727086
9780008727666
9780008729653
9780008732790
9780008739560
9780062946157
9780062990488
9780063086579
9780063139183
9780063387546
9780063428430
9780091929114
9780141369792
9780141976655
9780141984445
9780141990286
9780141991061
9780141991191
9780141991801
9780141991955
9780141992990
9780141995465
9780192749239
9780192767110
9780192771643
9780192773548
9780192773562
9780192774613
9780192774903
9780192776532
9780192777577
9780192777782
9780192777799
9780192778529
9780192779038
9780192779533
9780192780362
9780192780423
9780192783455
9780192787996
9780192788016
9780198494874
9780198494935
9780241250945
9780241303559
9780241334973
9780241371947
9780241383100
9780241389317
9780241395516
9780241396957
9780241396988
9780241405703
9780241436288
9780241445310
9780241447420
9780241448748
9780241448786
9780241454503
9780241455678
9780241460900
9780241466797
9780241473153
9780241473689
9780241493113
9780241493533
9780241501009
9780241515150
9780241515495
9780241529720
9780241530412
9780241537404
9780241537640
9780241545591
9780241550519
9780241550588
9780241554937
9780241558317
9780241558324
9780241558331
9780241558348
9780241558355
9780241558485
9780241558577
9780241562031
9780241562284
9780241568651
9780241568675
9780241568705
9780241573631
9780241578179
9780241578186
9780241585900
9780241591246
9780241599198
9780241607893
9780241710630
9780241717189
9780241717196
9780241718841
9780241719787
9780241722237
9780241733196
9780241955055
9780241977583
9780241982105
9780241986974
9780241988244
9780241988336
9780241988725
9780241990971
9780241992210
9780241992661
9780241994573
9780241995341
9780241996904
9780241998137
9780310109518
9780310363545
9780349003641
9780349411903
9780349433004
9780349433189
9780349433448
9780349433455
9780349433806
9780349434278
9780349434315
9780349434339
9780349435282
9780349435756
9780349436326
9780349437682
9780349437729
9780349701776
9780349726571
9780356508863
9780356510323
9780356514215
9780356514253
9780356518763
9780356518855
9780356519494
9780358693093
9780486854212
9780552174459
9780552178334
9780552776660
9780571339174
9780571341184
9780571359752
9780571364909
9780571365449
9780571367344
9780571368099
9780571368709
9780571370894
9780571371044
9780571373253
9780571374496
9780571379149
9780593233153
9780593817100
9780702302534
9780702304941
9780702307355
9780702310676
9780702313493
9780702313813
9780702315886
9780702317644
9780702322341
9780711265349
9780711289253
9780711294134
9780715654613
9780745978772
9780745979496
9780747266839
9780749024703
9780749955489
9780751567830
9780751584189
9780753553916
9780755500093
9780755503575
9780755503643
9780755503711
9780755504626
9780760393468
9780760397886
9780764238970
9780857162830
9780857198228
9780857637727
9780859539067
9780861542840
9780861543496
9780861545483
9780861549962
9780995716278
9781009440066
9781035003792
9781035013487
9781035013524
9781035015467
9781035044801
9781035402823
9781035408221
9781035409990
9781035416059
9781035905805
9781036701994
9781119893783
9781338580730
9781338777215
9781338792676
9781338801903
9781394276882
9781394299447
9781398128460
9781398505322
9781398505933
9781398514478
9781398516687
9781398518179
9781398519992
9781398521230
9781398717206
9781398717237
9781398816015
9781399412803
9781399607742
9781399607766
9781399701136
9781399701815
9781399711685
9781399713269
9781399713740
9781399725644
9781399803052
9781399803069
9781399803090
9781399807081
9781399809344
9781400225194
9781405281317
9781405287517
9781405293181
9781405295024
9781405296939
9781405297042
9781405298155
9781405298193
9781405942256
9781405946605
9781405947787
9781405950237
9781405950244
9781405951876
9781405953283
9781405955003
9781405955041
9781405955317
9781405955560
9781405956444
9781405957410
9781405963985
9781406361902
9781406384444
9781406394627
9781406399400
9781406399752
9781407186672
9781407189307
9781407191058
9781407191133
9781407191447
9781407191935
9781407193434
9781407193441
9781407193458
9781407193465
9781407193472
9781408361269
9781408710128
9781408716519
9781408720585
9781408725771
9781408726600
9781408727911
9781408881422
9781408897126
9781419777714
9781444948820
9781444965391
9781444967616
9781444968927
9781444970388
9781454946151
9781454947752
9781454948827
9781471192463
9781471199318
9781472147172
9781472273901
9781472274236
9781472275585
9781472294159
9781472297051
9781473215283
9781473231177
9781473635906
9781473682825
9781474622998
9781506746418
9781509898251
9781510109803
9781514003268
9781524127374
9781524890612
9781526613011
9781526624246
9781526629739
9781526635365
9781526647771
9781526648549
9781529031454
9781529033793
9781529033847
9781529038033
9781529040531
9781529043402
9781529047868
9781529048155
9781529054583
9781529059571
9781529064582
9781529066128
9781529066326
9781529066364
9781529068504
9781529068788
9781529069327
9781529076622
9781529077155
9781529077162
9781529077209
9781529077216
9781529080902
9781529081480
9781529083415
9781529084481
9781529087994
9781529089578
9781529090031
9781529094800
9781529095258
9781529096552
9781529099461
9781529099485
9781529112733
9781529113228
9781529113990
9781529114829
9781529116168
9781529155105
9781529156980
9781529157468
9781529157642
9781529176667
9781529309249
9781529350494
9781529360400
9781529361872
9781529369465
9781529370454
9781529378726
9781529380941
9781529388015
9781529414288
9781529425369
9781529437614
9781529438154
9781529501223
9781529501230
9781529503494
9781534328273
9781534341869
9781534342545
9781534350380
9781534367364
9781534370906
9781534374003
9781534380202
9781534385078
9781542017275
9781542025607
9781546110163
9781546131274
9781546131601
9781546139171
9781546150114
9781546169321
9781616499600
9781638582106
9781638582533
9781638583523
9781638585510
9781646093601
9781646516544
9781648410772
9781662509308
9781662510489
9781662515439
9781662524158
9781668025895
9781668046364
9781668047002
9781684811120
9781684817368
9781728272047
9781728278346
9781728278360
9781739099206
9781772943795
9781780279244
9781780279251
9781780725239
9781781129227
9781782268956
9781782268963
9781782269021
9781782269755
9781782278788
9781782279501
9781782502524
9781782693680
9781782694960
9781782695202
9781782695257
9781783352364
9781783787388
9781783788453
9781784165888
9781784704001
9781784878030
9781785044151
9781785044380
9781785120831
9781785307522
9781785634055
9781785948800
9781785949494
9781786079060
9781786570871
9781786583864
9781786788832
9781786789228
9781786789525
9781786892485
9781786898326
9781787016408
9781787462144
9781787588905
9781787588936
9781788007962
9781788164887
9781788165334
9781788167222
9781788169233
9781788178556
9781788178563
9781788401999
9781788404754
9781788452434
9781788452557
9781788452809
9781788705943
9781788953924
9781789651898
9781789741964
9781789990546
9781799500643
9781800183339
9781800329645
9781800654068
9781800654082
9781800751033
9781800783010
9781800784017
9781800810396
9781800816763
9781800817401
9781800900615
9781800901018
9781800901667
9781800920385
9781800922198
9781800922204
9781800922389
9781800922501
9781800923003
9781800923072
9781800923089
9781800923218
9781800923324
9781801102100
9781801102148
9781801108157
9781801109871
9781801313179
9781802791181
9781803281582
9781803282749
9781803285573
9781803289236
9781803360119
9781803364568
9781803366661
9781803702858
9781803705415
9781803707747
9781804190470
9781804270523
9781804270554
9781804364253
9781804364918
9781804365113
9781804367728
9781804545867
9781804692530
9781804940822
9781804940839
9781804940846
9781804948354
9781804990971
9781804991381
9781804992326
9781804992425
9781805330059
9781805330288
9781805330462
9781805330745
9781805330981
9781805331230
9781805332121
9781805332312
9781805333432
9781805335122
9781835290460
9781835290675
9781835291627
9781835291641
9781835291658
9781835291733
9781835291757
9781835291771
9781835291788
9781835291818
9781835291825
9781835291856
9781835291900
9781835291986
9781835291993
9781835292006
9781835292020
9781835292075
9781835292723
9781835293614
9781835411728
9781835411995
9781835622155
9781835622162
9781835622179
9781835622216
9781835622223
9781835981306
9781836000006
9781836430025
9781837260218
9781837262670
9781837860067
9781837862665
9781837931088
9781838138141
9781838173562
9781838691974
9781838698102
9781838698683
9781838741983
9781838742119
9781838749767
9781838774592
9781838776190
9781838858209
9781838858476
9781839040641
9781839054297
9781839054303
9781839054327
9781839058301
9781839940026
9781839944390
9781839945618
9781846046308
9781846046940
9781846689796
9781846976940
9781847942678
9781848994379
9781849075916
9781910636466
9781910636541
9781911279549
9781911293576
9781912310197
9781912370931
9781912489589
9781913083250
9781913097769
9781913102784
9781913102890
9781913401245
9781913505387
9781913505530
9781913696405
9781913971069
9781913971465
9781913971472
9781914148682
9781914484957
9781915071798
9781915202888
9781915246707
9781915294487
9781915444110
9781915444370
9781915523662
9781915523693
9781915523730
9781915659583
9781915841568
9781915841605
9781915841629
9781915841841
9781915998361
9781915998897
9781916725126
9781922786180
9781923239067
9781957363981
9781974725328
9781974725359
9781974727100
9781974727155
9781974727230
9781974727247
9781974727254
9781974728374
9781974728381
9781974728558
9781974728947
9781974728985
9781974730070
9781974730735
9781974732142
9781974732197
9781974732333
9781974734399
9781974734634
9781974734641
9781974735310
9781974736270
9781974736287
9781974736553
9781982173807
9789354400506
9789354404603
9789354404849
9789354405112
9789815066975
9798886637304
9798886638769
9798888594667
9798888594674
9798888594698
9798888594704
9798888594711
9798888594735
9798888594759
9798888594766
9798888772270
9798888773734
9798891609075
